day,nsfw#,sfw#,total#
01/11/18,43,574,617
02/11/18,73,1174,1247
03/11/18,104,1662,1766
04/11/18,131,2157,2288
05/11/18,167,2752,2919
06/11/18,193,3361,3554
07/11/18,228,3942,4170
08/11/18,252,4510,4762
09/11/18,288,5055,5343
10/11/18,314,5538,5852
11/11/18,338,6062,6400
12/11/18,368,6664,7032
13/11/18,402,7187,7589
14/11/18,433,7722,8155
15/11/18,457,8260,8717
16/11/18,474,8782,9256
17/11/18,496,9208,9704
18/11/18,520,9690,10210
19/11/18,559,10241,10800
20/11/18,586,10802,11388
21/11/18,617,11323,11940
22/11/18,646,11798,12444
23/11/18,677,12311,12988
24/11/18,708,12777,13485
25/11/18,756,13322,14078
26/11/18,787,13861,14648
27/11/18,820,14467,15287
28/11/18,839,15070,15909
29/11/18,862,15625,16487
30/11/18,900,16149,17049
01/12/18,932,16586,17518
02/12/18,963,17083,18046
03/12/18,1032,17660,18692
04/12/18,1108,18251,19359
05/12/18,1187,18909,20096
06/12/18,1244,19495,20739
07/12/18,1287,20085,21372
08/12/18,1324,20613,21937
09/12/18,1365,21170,22535
10/12/18,1418,21786,23204
11/12/18,1474,22401,23875
12/12/18,1509,23016,24525
13/12/18,1556,23651,25207
14/12/18,1604,24257,25861
15/12/18,1660,24851,26511
16/12/18,1704,25396,27100
17/12/18,1744,26048,27792
18/12/18,1797,26678,28475
19/12/18,1839,27287,29126
20/12/18,1904,27935,29839
21/12/18,1947,28426,30373
22/12/18,1990,28946,30936
23/12/18,2033,29409,31442
24/12/18,2066,29858,31924
25/12/18,2095,30362,32457
26/12/18,2146,30840,32986
27/12/18,2186,31378,33564
28/12/18,2244,31987,34231
29/12/18,2311,32615,34926
30/12/18,2363,33215,35578
31/12/18,2416,33803,36219
01/01/19,2455,34359,36814
02/01/19,2510,35050,37560
03/01/19,2569,35818,38387
04/01/19,2628,36507,39135
05/01/19,2685,37169,39854
06/01/19,2724,37822,40546
07/01/19,2773,38595,41368
08/01/19,2822,39369,42191
09/01/19,2885,40072,42957
10/01/19,2944,40795,43739
11/01/19,2990,41540,44530
12/01/19,3059,42176,45235
13/01/19,3109,42846,45955
14/01/19,3165,43584,46749
15/01/19,3206,44329,47535
16/01/19,3252,45110,48362
17/01/19,3297,45851,49148
18/01/19,3355,46532,49887
19/01/19,3399,47154,50553
20/01/19,3440,47788,51228
21/01/19,3491,48492,51983
22/01/19,3539,49181,52720
23/01/19,3590,49893,53483
24/01/19,3630,50664,54294
25/01/19,3692,51301,54993
26/01/19,3754,51869,55623
27/01/19,3812,52521,56333
28/01/19,3875,53290,57165
29/01/19,3940,54014,57954
30/01/19,3999,54789,58788
31/01/19,4060,55514,59574
