day,nsfw#,sfw#,total#
01/11/18,43,573,616
02/11/18,30,599,629
03/11/18,31,487,518
04/11/18,27,494,521
05/11/18,36,594,630
06/11/18,26,608,634
07/11/18,35,580,615
08/11/18,24,567,591
09/11/18,36,544,580
10/11/18,25,483,508
11/11/18,24,523,547
12/11/18,30,601,631
13/11/18,33,523,556
14/11/18,31,534,565
15/11/18,24,537,561
16/11/18,17,521,538
17/11/18,22,425,447
18/11/18,24,481,505
19/11/18,39,550,589
20/11/18,27,560,587
21/11/18,31,520,551
22/11/18,28,475,503
23/11/18,31,512,543
24/11/18,31,465,496
25/11/18,48,544,592
26/11/18,31,538,569
27/11/18,33,605,638
28/11/18,19,602,621
29/11/18,23,554,577
30/11/18,38,523,561
01/12/18,32,436,468
02/12/18,31,496,527
03/12/18,68,577,645
04/12/18,76,590,666
05/12/18,79,657,736
06/12/18,57,585,642
07/12/18,43,589,632
08/12/18,37,527,564
09/12/18,41,556,597
10/12/18,53,615,668
11/12/18,56,614,670
12/12/18,35,614,649
13/12/18,47,634,681
14/12/18,48,605,653
15/12/18,56,593,649
16/12/18,44,544,588
17/12/18,39,652,691
18/12/18,53,629,682
19/12/18,42,608,650
20/12/18,64,648,712
21/12/18,43,490,533
22/12/18,43,519,562
23/12/18,43,462,505
24/12/18,32,449,481
25/12/18,29,503,532
26/12/18,50,478,528
27/12/18,40,537,577
28/12/18,58,608,666
29/12/18,67,627,694
30/12/18,52,599,651
31/12/18,53,587,640
01/01/19,39,555,594
02/01/19,55,690,745
03/01/19,59,767,826
04/01/19,59,688,747
05/01/19,57,661,718
06/01/19,39,652,691
07/01/19,49,772,821
08/01/19,49,773,822
09/01/19,63,702,765
10/01/19,59,722,781
11/01/19,46,744,790
12/01/19,69,635,704
13/01/19,50,669,719
14/01/19,55,738,793
15/01/19,40,745,785
16/01/19,46,780,826
17/01/19,45,740,785
18/01/19,58,680,738
19/01/19,44,621,665
20/01/19,41,633,674
21/01/19,51,703,754
22/01/19,48,688,736
23/01/19,51,711,762
24/01/19,40,770,810
25/01/19,62,636,698
26/01/19,62,567,629
27/01/19,58,651,709
28/01/19,63,768,831
29/01/19,65,723,788
30/01/19,59,774,833
31/01/19,61,724,785
